 127 131 135 142 142 135 132 102 135 137 131 136 139 140 137 126
 132 135 138 136 137 140 134  42  91 138 138 140 142 142 141 135
 135 138 138 138 138 140  89  31  36 132 139 137 143 137 139 142
 136 136 140 140 139 134  41  29  27  81 135 135 138 140 141 136
 129 134 135 140 141  91  29  26  24  33 124 133 138 140 137 133
 128 120  98  79  50  31  25  26  26  26  35  57  76 100 125 127
  84  24  25  31  29  24  24  24  25  26  23  21  21  23  39 115
 127  62  29  28  28  27  25  22  26  24  21  17  27  28 109 133
 125 130  62  28  28  25  23  25  25  27  19  19  23  95 132 133
 124 135 130  52  27  24  23  22  24  24  22  23  93 134 133 131
 128 136 136  95  32  26  25  21  23  26  19  43 130 134 131 132
 129 135 136  89  33  28  25  26  24  26  21  33 131 133 134 135
 128 132 136  78  30  28  24  27  23  23  22  23 125 129 132 133
 130 135 136  61  29  30  42  88  57  25  21  22 115 132 132 129
 132 135 138  56  45  92 133 136 134 113  52  26  95 134 132 132
 132 138 136  98 132 135 135 133 132 130 132 107 104 137 135 129
 130 134 138 143 142 138 135 105 133 140 134 140 142 142 139 132
 134 138 141 142 141 143 138  45  89 142 142 144 145 146 145 138
 139 141 141 142 143 144  91  30  41 132 144 142 146 143 143 139
 140 140 142 144 144 133  42  30  29  82 141 141 143 144 145 139
 133 139 140 143 142  93  31  28  29  39 127 139 143 144 142 137
 132 121 101  79  48  32  30  28  29  29  37  60  80 100 128 129
  82  28  28  28  31  30  28  29  28  30  27  23  26  26  40 117
 130  67  33  30  32  29  29  26  29  28  25  22  29  32 113 140
 131 134  66  31  29  28  28  28  28  27  25  24  29 101 139 137
 128 136 134  54  29  28  27  25  28  26  26  25  97 142 139 135
 132 138 139 100  30  27  26  25  25  25  22  48 136 137 138 134
 132 139 141  94  33  30  29  28  29  28  26  42 135 138 138 134
 133 138 140  80  33  30  28  29  28  28  26  25 131 135 138 134
 135 138 141  62  30  30  45  93  61  31  24  26 119 137 137 134
 134 137 142  59  46  94 136 141 136 114  58  30  99 140 139 134
 137 140 140 104 137 140 141 138 137 133 135 114 110 140 138 130
 122 123 129 133 133 129 124  97 120 127 125 129 130 131 128 120
 127 130 131 131 128 130 126  43  83 125 130 133 134 133 132 127
 124 130 131 131 129 127  83  29  37 118 127 130 131 129 129 132
 125 126 130 134 131 124  40  25  23  73 122 123 128 132 133 125
 120 128 128 128 132  85  24  23  18  34 112 121 127 130 128 124
 119 109  90  72  47  26  17  21  20  19  31  51  69  87 112 114
  79  26  23  21  22  20  17  12  16  15  16  14  14  18  36 107
 115  64  25  23  23  23  17  18  20  20  19  12  17  26 103 117
 116 118  63  28  23  19  17  18  21  20  18  17  19  90 120 120
 115 128 122  56  23  18  20  18  16  17  17  21  87 120 120 119
 122 129 129  93  29  24  23  17  15  18  18  43 115 127 119 123
 120 126 124  86  31  25  17  19  17  18  16  31 112 121 122 117
 121 124 128  76  24  23  21  21  20  18  16  20 115 119 118 115
 124 128 129  60  28  27  41  84  59  28  17  16 103 120 120 112
 125 131 130  57  42  89 126 127 124 103  56  28  89 122 121 117
 125 126 125  93 121 123 121 120 121 121 122 102  99 123 121 115

 126 135 142 136 133 127 115 133 133 131 132 135 133 129 132 129
 137 141 139 141 137 125  39 109 132 133 131 134 132 132 132 135
 140 142 137 140 140 100  23  28  95 134 134 133 129 132 134 137
 139 142 143 138 138  76  21  27  23  93 130 131 125 115  95 104
 136 140 137 135 133  57  21  17  19  23  43  33  23  22  26 107
 131 138 139 135 124  35  23  21  19  22  19  21  22  21  52 132
 137 138 132  81  33  26  26  24  27  24  26  26  23  25 113 130
 135  91  36  27  24  26  25  26  25  24  23  24  23  57 134 132
 102  42  31  29  26  26  24  22  25  22  21  26  27  88 136 133
 132 134  89  41  29  25  24  25  23  23  25  25  24  42 133 135
 135 140 140 134  91  31  24  27  25  24  26  28  28  30  92 135
 142 137 138 139 141  50  29  28  28  27  32  33  30  29  45 132
 142 136 138 140 140  79  31  28  28  52  95  89  78  61  56  98
 135 138 138 140 135  98  25  29  62 130 136 136 136 136 138 136
 131 135 138 136 134 120  24  62 130 135 136 135 132 135 135 138
 127 132 135 136 129 128  84 127 125 124 128 129 128 130 132 132
 132 138 139 139 137 129 117 140 137 135 134 134 134 134 134 130
 139 145 143 145 142 128  40 113 139 139 138 138 138 137 139 138
 142 146 143 144 144 100  26  32 101 142 137 138 135 137 140 140
 142 145 146 143 143  80  26  29  29  97 136 135 131 119  99 110
 140 144 142 141 139  60  23  22  24  25  48  42  25  26  30 114
 134 142 144 141 127  37  27  25  25  26  22  26  26  24  58 135
 140 142 132  82  39  29  30  28  27  26  25  28  28  31 114 133
 133  89  41  29  29  29  28  29  28  28  25  29  28  61 136 137
 105  45  30  30  28  28  29  26  28  25  25  28  29  93 141 138
 135 138  91  42  31  30  28  29  28  27  26  29  28  45 136 141
 138 143 144 133  93  32  30  29  28  28  27  30  30  30  94 140
 142 141 143 144 142  48  31  32  29  29  30  33  33  30  46 137
 143 142 142 144 143  79  28  30  31  54 100  94  80  62  59 104
 138 141 141 142 140 101  28  33  66 134 139 141 140 141 142 140
 134 138 141 140 139 121  28  67 134 136 138 139 138 138 137 140
 130 134 139 140 133 132  82 130 131 128 132 132 133 135 134 137
 120 127 132 125 124 114 107 117 120 119 123 117 115 112 117 115
 128 132 129 133 128 112  36 103 120 120 119 122 118 120 121 121
 131 133 129 132 130  87  18  26  90 120 127 121 119 120 122 123
 130 134 131 128 127  69  14  17  19  87 115 112 115 103  89  99
 129 133 130 123 121  51  14  12  17  21  43  31  20  16  28 102
 125 130 127 122 112  31  16  19  18  17  18  16  16  17  56 122
 127 125 118  73  34  19  15  20  20  17  18  18  18  28 103 121
 120  83  37  23  18  20  16  20  21  16  15  17  20  59 124 121
  97  43  29  25  23  21  12  18  18  18  17  19  21  84 127 120
 124 126  83  40  24  17  17  17  17  20  23  17  21  41 126 121
 129 130 127 124  85  26  20  23  19  18  24  25  23  27  89 123
 133 128 129 131 132  47  22  23  23  23  29  31  24  28  42 121
 133 131 131 134 128  72  21  23  28  56  93  86  76  60  57  93
 129 131 131 130 128  90  23  25  63 122 129 124 128 129 130 125
 123 130 130 126 128 109  26  64 118 128 129 126 124 128 131 126
 122 127 124 125 120 119  79 115 116 115 122 120 121 124 125 125

 129 135 137 104 107 132 130 132 133 135 135 132  98 136 138 132
 132 132 134  95  26  52 113 134 136 133  92  45  56 138 135 132
 129 132 132 115  22  21  25  57  88  42  30  29  61 136 135 130
 133 132 129 125  23  22  23  23  27  24  28  30  78 136 132 128
 135 134 133 131  33  21  26  24  26  25  28  33  89 136 135 129
 132 131 134 130  43  19  26  23  21  25  26  32  95 136 136 128
 131 133 134  93  23  22  24  24  22  23  24  27  52 130 135 124
 133 132  95  23  19  19  27  25  25  23  25  28  28  62 130 125
 133 109  28  27  17  21  24  26  22  25  27  28  28  29  62 127
 115  39  23  21  21  23  26  25  24  24  24  29  31  25  24  84
 127 125 100  76  57  35  26  26  26  25  31  50  79  98 120 128
 133 137 140 138 133 124  33  24  26  29  91 141 140 135 134 129
 136 141 140 138 135 135  81  27  29  41 134 139 140 140 136 136
 142 139 137 143 137 139 132  36  31  89 140 138 138 138 138 135
 135 141 142 142 140 138 138  91  42 134 140 137 136 138 135 132
 126 137 140 139 136 131 137 135 102 132 135 142 142 135 131 127
 130 138 140 110 114 135 133 137 138 141 140 137 104 140 140 137
 134 139 140  99  30  58 114 136 141 136  94  46  59 142 137 134
 134 137 137 119  26  24  31  61  93  45  30  30  62 141 138 135
 134 138 135 131  25  26  28  28  29  28  30  33  80 140 138 133
 134 138 138 135  42  26  28  29  28  29  30  33  94 141 139 132
 134 138 137 136  48  22  25  25  25  26  27  30 100 139 138 132
 135 139 142  97  25  26  26  28  25  27  28  29  54 134 136 128
 137 139 101  29  24  25  27  28  28  28  28  29  31  66 134 131
 140 113  32  29  22  25  28  29  26  29  29  32  30  33  67 130
 117  40  26  26  23  27  30  28  29  28  30  31  28  28  28  82
 129 128 100  80  60  37  29  29  28  30  32  48  79 101 121 132
 137 142 144 143 139 127  39  29  28  31  93 142 143 140 139 133
 139 145 144 143 141 141  82  29  30  42 133 144 144 142 140 140
 139 143 143 146 142 144 132  41  30  91 144 143 142 141 141 139
 138 145 146 145 144 142 142  89  45 138 143 141 142 141 138 134
 132 139 142 142 140 134 140 133 105 135 138 142 143 138 134 130
 115 121 123  99 102 122 121 121 120 121 123 121  93 125 126 125
 117 121 122  89  28  56 103 124 127 126  89  42  57 130 131 125
 112 120 120 103  16  17  28  59  84  41  27  28  60 129 128 124
 115 118 119 115  20  16  18  20  21  21  23  24  76 128 124 121
 117 122 121 112  31  16  18  17  19  17  25  31  86 124 126 120
 123 119 127 115  43  18  18  15  17  23  24  29  93 129 129 122
 119 120 120  87  21  17  17  16  18  20  18  23  56 122 128 115
 120 120  90  19  17  18  20  21  18  17  19  23  28  63 118 116
 117 103  26  17  12  19  20  20  18  17  23  23  23  25  64 115
 107  36  18  14  14  16  15  16  12  17  20  22  21  23  26  79
 114 112  87  69  51  31  19  20  21  17  26  47  72  90 109 119
 124 128 130 127 121 112  34  18  23  24  85 132 128 128 128 120
 125 133 132 128 123 122  73  23  25  40 124 131 134 130 126 125
 132 129 129 131 130 127 118  37  29  83 127 129 131 131 130 124
 127 132 133 134 133 130 125  83  43 126 130 128 131 131 130 127
 120 128 131 130 129 125 127 120  97 124 129 133 133 129 123 122

 132 132 130 128 129 128 124 125 127  84 128 129 136 135 132 127
 138 135 135 132 135 136 135 130  62  24 120 134 136 138 135 131
 136 138 136 136 136 136 130  62  29  25  98 135 140 138 138 135
  98  56  61  78  89  95  52  28  28  31  79 140 140 138 136 142
 132  45  29  30  33  32  27  28  28  29  50 141 139 138 137 142
 135  92  30  28  28  26  24  25  27  24  31  91 134 140 140 135
 135 133  42  24  25  25  23  23  25  24  25  29  41  89 134 132
 133 136  88  27  26  21  22  25  22  24  26  26  29  31  42 102
 132 134  57  23  24  23  24  25  26  25  26  24  27  36  91 135
 130 113  25  23  26  26  24  27  24  26  26  33  81 132 138 137
 132  52  21  22  21  19  22  19  21  23  35 124 135 139 138 131
 107  26  22  23  33  43  23  19  17  21  57 133 135 137 140 136
 104  95 115 125 131 130  93  23  27  21  76 138 138 143 142 139
 137 134 132 129 133 134 134  95  28  23 100 140 140 137 142 140
 135 132 132 132 134 131 133 132 109  39 125 137 141 139 141 137
 129 132 129 133 135 132 131 133 133 115 127 133 136 142 135 126
 137 134 135 133 132 132 128 131 130  82 132 133 140 139 134 130
 140 137 138 138 139 138 136 134  67  28 121 139 140 141 138 134
 140 142 141 140 141 139 134  66  33  28 101 140 142 141 141 138
 104  59  62  80  94 100  54  31  30  28  79 143 144 142 142 143
 137  46  30  33  33  30  29  29  32  31  48 142 144 143 141 142
 140  94  30  30  30  27  28  28  29  30  32  93 133 144 143 138
 141 136  45  28  29  26  27  28  29  28  30  31  42  91 138 135
 138 141  93  29  28  25  25  28  26  29  28  28  30  30  45 105
 137 136  61  28  29  25  28  28  29  28  29  29  29  41  89 133
 133 114  31  28  28  25  26  27  28  30  29  39  82 132 142 140
 135  58  24  26  26  22  26  25  25  27  37 127 141 144 142 134
 114  30  26  25  42  48  25  24  22  23  60 139 141 142 144 140
 110  99 119 131 135 136  97  29  29  26  80 143 143 146 145 142
 140 140 137 135 138 137 142 101  32  26 100 144 144 143 146 142
 138 139 137 138 138 138 139 139 113  40 128 142 145 143 145 139
 130 134 134 134 134 134 135 137 140 117 129 137 139 139 138 132
 125 125 124 121 120 122 115 116 115  79 119 120 125 124 127 122
 126 131 128 124 126 129 128 118  64  26 109 128 126 130 130 123
 125 130 129 128 124 129 122  63  25  23  90 128 130 131 131 129
  93  57  60  76  86  93  56  28  23  21  72 128 134 131 131 133
 121  42  28  24  31  29  23  23  23  22  47 132 131 129 128 133
 123  89  27  23  25  24  18  19  23  20  26  85 124 127 130 129
 121 126  41  21  17  23  20  17  17  17  17  24  40  83 126 124
 120 127  84  21  19  17  18  18  18  12  21  23  25  29  43  97
 121 124  59  20  17  15  16  21  20  16  20  18  23  37  83 120
 121 103  28  18  18  18  17  20  20  15  19  34  73 118 125 127
 122  56  17  16  16  18  17  18  19  16  31 112 122 127 130 125
 102  28  16  20  31  43  21  17  12  14  51 121 123 130 133 129
  99  89 103 115 112 115  87  19  17  14  69 127 128 131 134 130
 123 122 120 119 121 127 120  90  26  18  87 130 132 129 133 131
 121 121 120 118 122 119 120 120 103  36 112 128 133 129 132 128
 115 117 112 115 117 123 119 120 117 107 114 124 125 132 127 120

