 220 222 223 221 181 121  93  87  85  83  84 106 171 215 216 214
 221 220 214 128  85  88  87  87  87  84  82  79  86 120 208 219
 219 213 120  90  85  84  87  87  87  85  86  85  86  86 117 209
 215 141  83  81  84  85  87  86  85  90 126 151 165 156 134 141
 197  84  82  84  85  87  89  87 106 192 217 215 214 214 217 206
 144  84  86  86  85  84  86 111 206 215 214 216 214 214 215 216
 107  84  84  83  85  86  95 202 218 218 219 218 217 217 213 214
  96  86  85  86  84  87 150 219 217 216 219 218 217 218 216 217
  97  85  85  87  87  86 186 219 218 219 218 216 216 216 216 219
 105  86  86  89  87  85 212 221 220 220 218 217 215 214 215 215
 142  86  84  85  84  90 206 220 220 218 218 218 215 215 216 215
 196  88  84  84  85  87 187 220 218 218 216 216 217 216 215 215
 216 138  84  84  88  86 134 217 219 220 217 216 215 215 215 212
 216 213 115  87  85  85  88 192 219 220 216 217 215 216 215 216
 219 217 209 128  82  83  87 111 205 216 216 214 213 214 213 215
 219 217 220 217 173 114  90  86  97 176 215 214 211 212 216 214
 216 213 214 213 176 118  90  83  80  79  79  99 165 210 211 211
 216 215 207 126  80  85  84  83  83  80  77  79  81 119 203 214
 217 206 117  81  79  78  82  85  85  82  80  81  83  84 112 206
 213 136  78  78  79  79  84  84  81  85 123 149 165 156 133 140
 189  81  76  78  80  80  85  83 104 190 212 211 211 209 211 201
 135  76  79  79  79  79  84 110 202 212 211 213 211 210 210 210
 100  78  79  79  79  82  94 199 209 212 211 211 209 210 212 212
  87  79  78  81  82  82 147 213 212 210 212 211 210 211 211 212
  88  79  80  80  84  82 182 215 213 214 213 210 211 212 210 212
  97  80  80  81  82  82 209 214 213 214 212 210 209 210 208 209
 134  81  81  81  82  81 200 213 211 211 212 212 209 209 209 209
 191  85  79  78  81  80 183 213 211 211 211 211 207 206 206 206
 213 134  81  80  83  84 136 213 213 212 212 211 208 208 205 206
 208 207 112  83  80  80  85 189 212 212 211 209 205 206 205 209
 208 209 205 124  78  78  83 107 202 209 210 208 204 204 206 207
 211 208 211 211 170 111  88  87  98 172 209 208 206 204 207 207
 204 198 199 194 159 112  82  74  71  69  72  97 154 191 194 196
 205 198 189 120  76  73  71  72  72  70  67  69  73 111 189 198
 200 188 109  72  68  70  73  71  75  71  71  76  78  76 108 190
 196 127  70  68  70  70  73  69  74  84 121 144 157 151 130 138
 175  75  68  69  70  71  75  72 101 178 193 194 194 192 194 183
 129  69  67  67  68  69  76 107 187 194 196 195 193 193 193 195
  98  69  68  66  68  69  89 189 193 196 195 195 195 196 193 197
  80  65  66  68  68  75 142 197 196 197 196 193 194 196 193 197
  80  67  67  68  70  70 174 198 196 198 197 195 194 193 194 196
  92  66  67  69  70  74 199 199 198 199 197 195 193 194 193 195
 129  71  68  69  69  74 192 198 197 197 197 197 194 194 193 196
 179  77  66  66  69  67 175 195 196 197 196 196 196 195 193 192
 198 126  70  68  71  70 131 196 197 198 198 197 194 194 190 192
 194 189 105  71  69  71  78 178 197 195 194 194 193 194 193 195
 193 191 188 118  71  69  71 101 189 192 193 194 191 190 193 195
 194 189 190 191 158 105  77  73  91 163 194 189 191 189 190 197

 214 219 209 141 206 216 214 217 219 215 215 215 212 216 215 214
 216 208 117 134 217 215 213 216 216 215 216 215 215 215 213 216
 215 120  86 156 214 214 217 218 216 214 215 216 215 216 214 212
 171  86  86 165 214 214 217 217 216 215 215 217 215 215 213 211
 106  79  85 151 215 216 218 218 216 217 218 216 216 217 214 214
  84  82  86 126 217 214 219 219 218 218 218 216 217 216 216 215
  83  84  85  90 192 215 218 216 219 220 218 218 220 220 216 176
  85  87  87  85 106 206 218 217 218 220 220 218 219 219 205  97
  87  87  87  86  87 111 202 219 219 221 220 220 217 192 111  86
  93  87  87  87  89  86  95 150 186 212 206 187 134  88  87  90
 121  88  84  85  87  84  86  87  86  85  90  87  86  85  83 114
 181  85  85  84  85  85  85  84  87  87  84  85  88  85  82 173
 221 128  90  81  84  86  83  86  87  89  85  84  84  87 128 217
 223 214 120  83  82  86  84  85  85  86  84  84  84 115 209 220
 222 220 213 141  84  84  84  86  85  86  86  88 138 213 217 217
 220 221 219 215 197 144 107  96  97 105 142 196 216 216 219 219
 211 214 206 140 201 210 212 212 212 209 209 206 206 209 207 207
 211 203 112 133 211 210 212 211 210 208 209 206 205 205 206 207
 210 119  84 156 209 210 210 211 212 210 209 206 208 206 204 204
 165  81  83 165 211 211 209 210 211 209 209 207 208 205 204 206
  99  79  81 149 211 213 211 211 210 210 212 211 211 209 208 208
  79  77  80 123 212 211 211 212 213 212 212 211 212 211 210 209
  79  80  82  85 190 212 212 210 214 214 211 211 212 212 209 172
  80  83  85  81 104 202 209 212 213 213 211 211 213 212 202  98
  83  83  85  84  83 110 199 213 215 214 213 213 213 189 107  87
  90  84  82  84  85  84  94 147 182 209 200 183 136  85  83  88
 118  85  78  79  80  79  82  82  82  82  81  80  84  80  78 111
 176  80  79  79  80  79  79  82  84  82  82  81  83  80  78 170
 213 126  81  78  78  79  79  81  80  81  81  78  80  83 124 211
 214 207 117  78  76  79  79  78  80  80  81  79  81 112 205 211
 213 215 206 136  81  76  78  79  79  80  81  85 134 207 209 208
 216 216 217 213 189 135 100  87  88  97 134 191 213 208 208 211
 196 198 190 138 183 195 197 197 196 195 196 192 192 195 195 197
 194 189 108 130 194 193 193 193 194 193 193 193 190 193 193 190
 191 111  76 151 192 193 196 196 193 194 194 195 194 194 190 189
 154  73  78 157 194 193 195 194 194 193 194 196 194 193 191 191
  97  69  76 144 194 195 195 193 195 195 197 196 197 194 194 189
  72  67  71 121 193 196 195 196 197 197 197 196 198 194 193 194
  69  70  71  84 178 194 196 197 198 199 197 197 198 195 192 163
  71  72  75  74 101 187 193 196 196 198 197 196 197 197 189  91
  74  72  71  69  72 107 189 197 198 199 198 195 196 178 101  73
  82  71  73  73  75  76  89 142 174 199 192 175 131  78  71  77
 112  73  70  70  71  69  69  75  70  74  74  67  70  71  69 105
 159  76  68  70  70  68  68  68  70  70  69  69  71  69  71 158
 194 120  72  68  69  67  66  68  68  69  69  66  68  71 118 191
 199 189 109  70  68  67  68  66  67  67  68  66  70 105 188 190
 198 198 188 127  75  69  69  65  67  66  71  77 126 189 191 189
 204 205 200 196 175 129  98  80  80  92 129 179 198 194 193 194

 214 216 212 211 214 215 176  97  86  90 114 173 217 220 217 219
 215 213 214 213 214 216 216 205 111  87  83  82 128 209 217 219
 216 215 216 215 217 216 220 219 192  88  85  85  87 115 213 216
 212 215 215 215 216 217 220 219 217 134  86  88  84  84 138 216
 215 215 216 217 216 216 218 218 220 187  87  85  84  84  88 196
 215 216 215 215 218 218 218 220 220 206  90  84  85  84  86 142
 215 215 214 215 217 218 220 220 221 212  85  87  89  86  86 105
 219 216 216 216 216 218 219 218 219 186  86  87  87  85  85  97
 217 216 218 217 218 219 216 217 219 150  87  84  86  85  86  96
 214 213 217 217 218 219 218 218 202  95  86  85  83  84  84 107
 216 215 214 214 216 214 215 206 111  86  84  85  86  86  84 144
 206 217 214 214 215 217 192 106  87  89  87  85  84  82  84 197
 141 134 156 165 151 126  90  85  86  87  85  84  81  83 141 215
 209 117  86  86  85  86  85  87  87  87  84  85  90 120 213 219
 219 208 120  86  79  82  84  87  87  87  88  85 128 214 220 221
 214 216 215 171 106  84  83  85  87  93 121 181 221 223 222 220
 207 207 204 206 208 209 172  98  87  88 111 170 211 211 208 211
 207 206 204 204 208 210 209 202 107  83  78  78 124 205 209 208
 209 205 206 205 209 211 212 212 189  85  80  80  83 112 207 208
 206 205 208 208 211 212 212 213 213 136  84  83  80  81 134 213
 206 206 206 207 211 211 211 211 213 183  80  81  78  79  85 191
 209 209 209 209 212 212 211 211 213 200  81  82  81  81  81 134
 209 208 210 209 210 212 214 213 214 209  82  82  81  80  80  97
 212 210 212 211 210 213 214 213 215 182  82  84  80  80  79  88
 212 211 211 210 211 212 210 212 213 147  82  82  81  78  79  87
 212 212 210 209 211 211 212 209 199  94  82  79  79  79  78 100
 210 210 210 211 213 211 212 202 110  84  79  79  79  79  76 135
 201 211 209 211 211 212 190 104  83  85  80  80  78  76  81 189
 140 133 156 165 149 123  85  81  84  84  79  79  78  78 136 213
 206 112  84  83  81  80  82  85  85  82  78  79  81 117 206 217
 214 203 119  81  79  77  80  83  83  84  85  80 126 207 215 216
 211 211 210 165  99  79  79  80  83  90 118 176 213 214 213 216
 197 190 189 191 189 194 163  91  73  77 105 158 191 190 189 194
 195 193 190 191 194 193 192 189 101  71  69  71 118 188 191 193
 195 193 194 193 194 194 195 197 178  78  71  69  71 105 189 194
 192 190 194 194 197 198 198 197 196 131  70  71  68  70 126 198
 192 193 195 196 196 196 197 196 195 175  67  69  66  66  77 179
 196 193 194 194 197 197 197 197 198 192  74  69  69  68  71 129
 195 193 194 193 195 197 199 198 199 199  74  70  69  67  66  92
 196 194 193 194 195 197 198 196 198 174  70  70  68  67  67  80
 197 193 196 194 193 196 197 196 197 142  75  68  68  66  65  80
 197 193 196 195 195 195 196 193 189  89  69  68  66  68  69  98
 195 193 193 193 195 196 194 187 107  76  69  68  67  67  69 129
 183 194 192 194 194 193 178 101  72  75  71  70  69  68  75 175
 138 130 151 157 144 121  84  74  69  73  70  70  68  70 127 196
 190 108  76  78  76  71  71  75  71  73  70  68  72 109 188 200
 198 189 111  73  69  67  70  72  72  71  73  76 120 189 198 205
 196 194 191 154  97  72  69  71  74  82 112 159 194 199 198 204

 219 219 216 216 196 142 105  97  96 107 144 197 215 219 221 220
 217 217 213 138  88  86  86  85  86  84  84  84 141 213 220 222
 220 209 115  84  84  84  86  85  85  84  86  82  83 120 214 223
 217 128  87  84  84  85  89  87  86  83  86  84  81  90 128 221
 173  82  85  88  85  84  87  87  84  85  85  85  84  85  85 181
 114  83  85  86  87  90  85  86  87  86  84  87  85  84  88 121
  90  87  88 134 187 206 212 186 150  95  86  89  87  87  87  93
  86 111 192 217 220 220 221 219 219 202 111  87  86  87  87  87
  97 205 219 219 218 220 220 218 217 218 206 106  85  87  87  85
 176 216 220 220 218 218 220 219 216 218 215 192  90  85  84  83
 215 216 216 217 216 218 218 218 219 219 214 217 126  86  82  84
 214 214 217 216 216 218 217 216 218 218 216 215 151  85  79 106
 211 213 215 215 217 215 215 216 217 217 214 214 165  86  86 171
 212 214 216 215 216 215 214 216 218 217 214 214 156  86 120 215
 216 213 215 215 215 216 215 216 216 213 215 217 134 117 208 216
 214 215 216 212 215 215 215 219 217 214 216 206 141 209 219 214
 211 208 208 213 191 134  97  88  87 100 135 189 213 217 216 216
 208 209 207 134  85  81  80  79  79  78  76  81 136 206 215 213
 211 205 112  81  79  81  80  80  78  79  79  76  78 117 207 214
 211 124  83  80  78  81  81  80  81  79  79  78  78  81 126 213
 170  78  80  83  81  82  82  84  82  79  79  80  79  79  80 176
 111  78  80  84  80  81  82  82  82  82  79  80  79  78  85 118
  88  83  85 136 183 200 209 182 147  94  84  85  84  82  84  90
  87 107 189 213 213 213 214 215 213 199 110  83  84  85  83  83
  98 202 212 213 211 211 213 213 212 209 202 104  81  85  83  80
 172 209 212 212 211 211 214 214 210 212 212 190  85  82  80  79
 209 210 211 212 211 212 212 213 212 211 211 212 123  80  77  79
 208 208 209 211 211 212 210 210 211 211 213 211 149  81  79  99
 206 204 205 208 207 209 209 211 210 209 211 211 165  83  81 165
 204 204 206 208 206 209 210 212 211 210 210 209 156  84 119 210
 207 206 205 205 206 209 208 210 211 212 210 211 133 112 203 211
 207 207 209 206 206 209 209 212 212 212 210 201 140 206 214 211
 194 193 194 198 179 129  92  80  80  98 129 175 196 200 205 204
 189 191 189 126  77  71  66  67  65  69  69  75 127 188 198 198
 190 188 105  70  66  68  67  67  66  68  67  68  70 109 189 199
 191 118  71  68  66  69  69  68  68  66  67  69  68  72 120 194
 158  71  69  71  69  69  70  70  68  68  68  70  70  68  76 159
 105  69  71  70  67  74  74  70  75  69  69  71  70  70  73 112
  77  71  78 131 175 192 199 174 142  89  76  75  73  73  71  82
  73 101 178 196 195 198 199 198 197 189 107  72  69  71  72  74
  91 189 197 197 196 197 198 196 196 193 187 101  74  75  72  71
 163 192 195 198 197 197 199 198 197 196 194 178  84  71  70  69
 194 193 194 198 196 197 197 197 196 195 196 193 121  71  67  72
 189 194 194 197 196 197 195 195 193 195 195 194 144  76  69  97
 191 191 193 194 196 194 193 194 194 195 193 194 157  78  73 154
 189 190 194 194 195 194 194 193 196 196 193 192 151  76 111 191
 190 193 193 190 193 193 193 194 193 193 193 194 130 108 189 194
 197 195 195 192 192 196 195 196 197 197 195 183 138 190 198 196

